ply
format ascii 1.0
comment VCGLIB generated
element vertex 24
property float x
property float y
property float z
property float nx
property float ny
property float nz
property float texture_u
property float texture_v
element face 8
property list uchar int vertex_indices
end_header
0.008503723 -1.414096 0.003299159 0.009020596 -0.9999532 0.003499476 0.497642 0.999023
0.5041987 0.007501578 -0.4957533 0.7130764 0.005305864 -0.7010663 0.000977 0.999023
0.4956937 0.0166266 0.5042006 0.7010487 0.01175902 0.7130165 0.000977 0.502358
-0.4956938 -0.01663052 -0.5042022 -0.7010506 -0.01176098 -0.7130145 0.499023 0.500977
-0.5041987 -0.007505727 0.4957518 -0.7130768 -0.00530782 0.7010659 0.997642 0.999023
-0.008506203 1.414096 -0.00329932 -0.009021754 0.9999532 -0.003498775 0.497642 0.499023
0.008503723 -1.414096 0.003299159 0.009020596 -0.9999532 0.003499476 0.002358 0.500977
0.5041987 0.007501578 -0.4957533 0.7130764 0.005305864 -0.7010663 0.499023 0.997642
-0.4956938 -0.01663052 -0.5042022 -0.7010506 -0.01176098 -0.7130145 0.500977 0.999023
0.008503723 -1.414096 0.003299159 0.009020596 -0.9999532 0.003499476 0.500977 0.502358
-0.5041987 -0.007505727 0.4957518 -0.7130768 -0.00530782 0.7010659 0.999023 0.500977
0.008503723 -1.414096 0.003299159 0.009020596 -0.9999532 0.003499476 0.999023 0.997642
0.4956937 0.0166266 0.5042006 0.7010487 0.01175902 0.7130165 0.502358 0.500977
0.4956937 0.0166266 0.5042006 0.7010487 0.01175902 0.7130165 0.000977 0.499023
0.5041987 0.007501578 -0.4957533 0.7130764 0.005305864 -0.7010663 0.000977 0.002358
0.5041987 0.007501578 -0.4957533 0.7130764 0.005305864 -0.7010663 0.499023 0.000977
-0.4956938 -0.01663052 -0.5042022 -0.7010506 -0.01176098 -0.7130145 0.499023 0.497642
-0.008506203 1.414096 -0.00329932 -0.009021754 0.9999532 -0.003498775 0.002358 0.000977
0.4956937 0.0166266 0.5042006 0.7010487 0.01175902 0.7130165 0.500977 0.499023
-0.008506203 1.414096 -0.00329932 -0.009021754 0.9999532 -0.003498775 0.500977 0.002358
-0.5041987 -0.007505727 0.4957518 -0.7130768 -0.00530782 0.7010659 0.997642 0.499023
-0.5041987 -0.007505727 0.4957518 -0.7130768 -0.00530782 0.7010659 0.999023 0.000977
-0.008506203 1.414096 -0.00329932 -0.009021754 0.9999532 -0.003498775 0.999023 0.497642
-0.4956938 -0.01663052 -0.5042022 -0.7010506 -0.01176098 -0.7130145 0.502358 0.000977
3 0 1 2 
3 6 3 7 
3 8 9 4 
3 10 11 12 
3 13 14 5 
3 15 16 17 
3 18 19 20 
3 21 22 23 
